
PYTES>
PYTES>soh 1
@
Power   1
Battery    Voltage    SOHStatus  $        
0          3327       00000000
1          3327       00000000
2          3328       00000000
3          3328       00000000
4          3328       00000000
5          3328       00000000
6          3328       00000000
7          3328       00000000
8          3328       00000000
9          3328       00000000
10         3328       00000000
11         3328       00000000
12         3328       00000000
13         3328       00000000
14         3328       00000000
15         3326       00000000
Command completed successfully
$$
PYTES>