
PYTES>
PYTES>soh
@
Power   1
Battery    Voltage    SOHStatus  $        
0          3322       00000000
1          3321       00000000
2          3323       00000000
3          3321       00000000
4          3324       00000000
5          3321       00000000
6          3322       00000000
7          3320       00000000
8          3325       00000000
9          3322       00000000
10         3323       00000000
11         3321       00000000
12         3323       00000000
13         3322       00000000
14         3324       00000000
15         3319       00000000
Command completed successfully
$$
PYTES>